max_value: 1.5493206977844238
min_value: 0.653475821018219
