max_value: 3.241350110796288
min_value: 2.2345671218368346
