max_value: 1.4564589276257938
min_value: 0.20718857242305813
joint_state_topic: gripper_state_broadcaster/joint_states
