joint_state_topic: gripper_state_broadcaster/joint_states
max_value: 0.003069460332193454
min_value: -1.3897865922363282
