max_value: 3.241350110796288
min_value: 1.8539540406448463
