max_value: -3.044951860473633
min_value: -3.9653403321533207
