max_value: -1.711922557324219
min_value: -2.8838838779296876
