joint_state_topic: gripper_state_broadcaster/joint_states
max_value: -0.07976700087890626
min_value: -1.2977477450683594
