max_value: 0.966880004640938
min_value: 1.8401414691499756
