max_value: 3.13698845950171
min_value: 2.573742488544211
